790953 478232 470
862536 378928 470
926455 635822 476
351287 786251 470
778101 992630 476
856658 235147 470
855198 595644 468
774055 141157 470
520561 467811 470
608981 531519 452
453829 115637 449
513297 47646 470
964689 487080 476
906834 115162 470
932249 134475 476
737278 704047 424
275049 848205 470
976620 332461 476
914836 940055 445
823054 700204 468
541924 687078 452
66200 308736 443
37667 895305 470
190235 3117 383
943121 735783 476
538449 596514 452
976512 311739 476
637413 677059 429
150182 376654 443
21929 378210 443
486653 776021 470
251800 594313 470
952177 199396 476
902635 652979 468
163661 916918 476
601710 325122 470
889169 908597 401
288816 954302 476
561960 925693 476
245601 226394 443
840083 957080 476
376719 915616 476
60549 118937 354
865888 152032 470
850742 577492 468
927517 633405 476
902068 525298 468
410527 599548 470
770743 706104 468
202420 210712 373
511082 145649 449
226178 507517 449
384581 321344 441
867336 585189 468
742225 855663 468
652091 677761 429
114402 770079 470
586788 441038 470
340892 107750 443
875645 758358 468
623480 288263 470
482692 504465 426
95127 187312 383
698594 143727 470
871058 535505 468
502800 612075 470
382533 108043 443
417824 47963 449
407627 470801 449
650370 975290 476
836446 980624 476
855402 37215 470
980985 14006 476
171501 589754 470
103695 766651 470
788835 68575 470
646807 716440 442
389564 592369 470
801188 8232 470
573620 335179 470
242445 598828 470
157250 787002 470
658680 516334 452
711019 321748 470
332677 672606 470
105411 930089 476
815152 86170 470
451254 436295 400
937060 843996 476
212928 97860 383
794297 229976 470
690295 278037 470
318643 950325 476
723944 279658 470
722190 397160 470
272109 658144 470
923606 770501 476
945107 434310 476
677305 740323 442
948920 603295 476
256355 199862 443
77343 55696 351
222893 518542 470
369078 719433 470
638971 712050 442
157496 898777 470
360771 709690 470
867622 360269 470
104329 97547 341
382698 887888 470
284970 977020 476
847241 157218 470
7053 584312 470
45618 984168 476
982786 561072 476
191651 408544 443
916367 292004 476
418129 704267 470
409015 302042 441
269375 448020 449
808123 94571 470
346591 300675 441
752682 360104 470
623991 39631 470
769765 960527 476
376950 737293 470
785058 67516 470
733483 964756 476
629249 28179 470
985817 244119 476
109170 694636 470
457026 99783 449
731492 563312 447
835517 885497 432
68410 563833 470
354351 477601 449
350164 247736 441
185551 179606 365
895804 710621 468
331051 132331 443
573788 272497 470
435558 655366 470
590139 975860 476
983554 558069 476
394881 721164 470
942587 239634 476
987628 715857 476
361528 436707 449
194060 924343 476
917622 237947 476
594335 12559 470
932684 728088 476
743045 608696 447
946545 881680 476
304893 924751 476
494427 809685 470
418775 558877 470
490426 788486 470
968576 361501 476
544546 824479 468
71505 66889 325
123598 253997 443
16206 65810 340
885025 347820 470
915961 719788 476
540621 536520 377
400082 568704 470
112219 609674 470
133732 101230 354
668561 409226 470
678515 759797 442
520011 241980 470
691963 86440 470
409511 68343 443
284670 118491 443
886252 532941 468
600162 420689 470
874982 804399 450
240244 305530 407
889846 172566 470
937787 553622 476
384330 911527 476
169978 861523 470
343481 69899 443
356282 77800 443
626195 60084 470
949202 895849 476
475778 525745 470
118544 727876 470
920318 745672 476
151390 587797 470
192408 546499 470
246703 808083 470
616400 457230 470
781563 892947 468
209479 329199 443
807303 85872 470
161475 901043 470
660758 613006 447
245702 141254 443
896 170632 383
629872 968756 476
146662 425923 449
197749 302787 443
688461 773008 468
324788 800566 470
821006 979949 476
200057 144195 383
579463 543287 452
756608 127780 470
643213 59330 470
368703 131989 443
940027 999413 458
760873 715623 424
679958 631014 429
955815 908442 476
212379 46907 383
351365 85856 443
584943 124882 470
380586 729726 470
33687 796953 470
571760 748180 447
806377 94986 470
785875 499848 470
612785 715231 447
609722 547434 434
196539 519237 470
978311 847270 476
868877 782014 468
723930 890578 468
802805 465359 470
191097 293359 443
402952 60768 443
325132 567613 470
389191 979380 476
994515 124181 476
437806 706756 470
415617 668669 470
296241 727909 470
402732 762965 470
204943 815095 470
146087 197451 383
622472 374149 470
576776 888825 468
322996 265218 389
437722 927432 476
879556 99641 470
963882 862187 476
292517 773759 470
121053 431331 449
671644 612521 447
487904 465400 413
418931 395377 449
296931 756837 470
185925 2277 383
163523 566152 470
277706 93372 443
354491 484611 449
12718 273784 443
478811 859866 470
584318 177194 470
4520 846532 470
687745 960284 476
82013 732324 470
635025 771639 468
672035 603055 447
662524 535364 452
115460 528196 470
155356 691555 470
509133 212253 449
240021 502243 449
779293 222618 470
922522 962898 445
765516 97612 470
100144 823772 470
427140 784910 470
462508 336319 449
19204 648003 470
306071 90820 443
843359 389112 470
299927 624686 470
446861 200981 449
308437 886048 470
827908 840455 419
158362 993735 476
488760 278784 449
978220 705938 476
809901 453482 470
812638 190458 470
451996 640393 470
828272 598343 468
670955 843045 468
239185 217464 443
936109 544253 476
932423 691708 476
158436 254907 443
953099 755072 476
842306 915622 476
839432 457835 470
828795 12857 470
679257 83273 470
376548 368670 392
822175 823822 375
418960 851076 470
239127 701563 470
745158 683435 442
882833 63762 470
409065 205196 443
395413 231195 441
568773 229055 470
156977 591307 470
686542 889849 468
5361 128579 354
55889 716262 470
64369 160620 383
425698 18054 449
495514 367155 449
346202 305839 441
82695 452153 449
373683 877360 470
272078 62651 443
455795 192943 449
566593 961338 476
756200 209344 470
575511 295086 470
55076 375855 443
435793 675008 470
812162 473901 470
200895 760705 470
110574 47622 354
611333 162257 470
653973 622347 416
289128 651089 470
907160 458213 470
565018 881646 468
118754 197441 383
850444 927864 476
422586 142688 449
476936 982651 476
560754 142544 470
39671 997029 476
504839 185273 449
727170 688571 442
258833 398709 441
360660 484199 449
651248 880956 468
974590 135527 476
691544 408109 470
731978 622494 442
24856 978652 476
931952 817323 476
999725 490870 476
348484 415856 449
13289 479812 449
393686 922491 476
876664 166825 470
827299 954696 476
125337 791539 470
883748 44760 470
3022 968154 476
255802 451011 449
335038 235172 407
343156 468956 449
974836 727133 476
478813 825038 470
540558 27420 470
78923 579134 470
718766 584017 447
657027 382484 470
370716 622851 470
316138 550913 470
487321 955997 476
955809 429290 476
434423 786749 470
768412 757761 468
300000 686823 470
83930 184667 383
281500 128931 443
601424 563725 434
73325 695084 470
610059 400201 470
7672 831566 470
238459 686764 470
325039 603723 470
677849 846734 468
171800 795929 470
155140 959721 476
392908 170234 443
338994 715190 470
640306 740357 442
877491 243306 470
473518 681545 470
670774 437441 470
180803 107372 383
856083 175926 470
411197 400081 449
29947 48093 324
352994 652990 470
134905 18270 354
275053 968177 476
27704 772711 470
554373 701178 447
57126 181044 383
125028 666678 470
883741 414389 470
234514 301643 407
975074 199253 476
651814 280211 470
757963 949383 476
951426 942033 414
890918 225486 470
339687 99038 443
549455 320420 470
394253 395304 405
522419 925946 476
540332 236431 470
203691 891638 470
485028 858755 470
974394 192106 476
100821 291265 443
184709 500017 449
772931 570838 468
165557 619879 470
822444 776107 468
725845 896650 468
832681 854151 419
734368 531455 452
745109 940144 476
401060 245206 441
399033 717840 470
324146 560183 470
185255 814618 470
178089 760115 470
556247 998222 476
815093 264106 470
232008 736207 470
425273 68983 449
441760 426306 400
395541 285880 441
238104 228426 443
828187 617462 468
875269 797414 450
706654 27135 470
98043 351351 443
773422 34185 470
984487 351909 476
191625 386293 443
29723 796967 470
676016 611532 447
536018 685254 452
213663 853830 470
303362 542993 470
111785 801328 470
878105 650000 468
657658 682290 398
502841 941302 476
882587 646456 468
462662 894122 470
898105 925326 476
943114 78831 476
710250 709494 305
572333 993368 476
496665 404790 449
957957 976936 458
792140 466357 470
970872 424386 476
319609 690716 470
35478 183717 383
802533 387111 470
944569 689781 476
86054 446248 449
69679 413227 449
341548 624267 470
692899 779196 468
384595 13937 443
887746 216370 470
434361 2673 449
424957 817146 470
501988 797992 470
66770 356041 443
982934 393840 476
257948 834987 470
923506 354772 476
553307 917020 476
675863 628222 429
884499 311265 470
372426 19786 443
950475 120909 476
536238 497147 470
742337 973792 476
583690 797589 468
633067 194318 470
49049 230874 443
942462 135802 476
724287 899542 468
282275 984700 476
737775 684532 442
116641 31149 354
268623 375588 441
891287 597193 468
714639 458483 470
618439 210108 470
858476 276659 470
429846 367919 449
686867 436570 470
246817 834147 470
949280 735616 476
235427 462493 449
555782 861247 468
800851 644682 468
493458 531810 470
566874 488859 470
92654 187539 383
897585 631420 468
548087 498298 470
895711 69312 470
489694 670537 470
74164 600917 470
783144 618556 468
927427 480209 476
809233 678518 468
64848 169049 383
781937 437238 470
451699 637831 470
370444 652030 470
398927 35798 443
233443 211208 443
333800 953857 476
221894 892985 470
595918 650865 447
690735 615372 429
386772 876132 470
335495 616181 470
447450 284457 449
441054 183544 449
829445 836838 419
888626 729232 468
863598 194254 470
294466 257876 407
767133 987724 476
13791 537390 470
338303 358539 441
851072 105549 470
490190 894185 470
641867 40672 470
977856 289438 476
496595 843958 470
656561 756294 442
430305 845771 470
916474 879832 476
534990 71944 470
160564 190890 365
490428 828865 470
378781 343223 441
283839 169751 443
654171 887863 468
517096 129645 470
231824 865129 470
456826 931924 476
574619 694211 447
804631 260391 470
457432 849261 470
473545 918387 476
746081 538182 452
849745 328394 470
597282 548912 434
55579 263615 443
259825 102560 443
218568 142896 386
714759 753949 424
592943 170984 470
300836 757338 470
921000 594102 476
235131 307107 407
460837 359487 449
537182 60657 470
414858 251277 449
381641 854868 470
642905 180732 470
782141 645050 468
83252 148432 375
410036 651551 470
729200 933541 476
779999 794322 437
140765 5104 354
655984 23973 470
376229 746205 470
831087 74797 470
587959 532291 452
960955 435979 476
890492 921849 476
369483 980966 476
82702 84497 320
209959 468950 449
791381 43816 470
17859 713415 470
521999 519147 364
58764 895262 470
621453 266682 470
185928 518548 470
43560 937409 476
905826 811484 450
920710 258693 476
830380 333131 470
492487 71479 449
186143 784077 470
910405 621183 476
547300 219378 470
960751 483006 476
81136 370003 443
880718 831061 432
545343 722109 452
776644 607033 468
903103 710409 468
552236 259175 470
635917 289292 470
14907 135320 354
279186 209732 443
525240 481561 470
483186 629715 470
283486 446307 449
629415 491179 470
435032 363014 449
359975 91013 443
425632 234083 449
64998 629756 470
64506 225988 386
681692 979496 476
285662 847595 470
788866 624657 468
354508 362438 379
777373 680379 468
926074 714965 476
957623 776333 476
238143 799940 470
846656 740786 468
596604 948251 476
600708 580555 434
158057 705468 470
960905 731 476
834297 812799 450
767514 631629 442
327710 99512 443
561410 302269 470
614314 350813 470
897139 526703 468
381212 911457 476
258380 15434 443
625407 926738 476
891108 232575 470
328433 770363 470
163936 870899 470
144290 763782 470
225460 340960 443
576622 245083 470
349684 25997 443
805167 863087 450
555640 309951 470
171260 951924 476
11846 442888 449
45772 953237 476
886266 476154 470
303833 397699 441
821006 271720 470
599913 604280 403
968529 627493 476
371163 482478 449
293231 712312 470
906627 789655 468
861061 734919 468
968037 541469 476
478663 157416 449
342859 678884 470
317980 458754 449
169843 103526 383
517737 226912 470
339008 284940 389
853373 565102 468
750110 356206 470
706251 107803 470
240521 830587 470
264994 828436 470
167246 811389 470
406580 23560 443
644123 764694 442
495055 765890 470
895143 780439 468
778894 193660 470
593136 694139 447
932557 404378 476
379427 541538 470
806053 346898 470
696381 831021 468
450491 579389 470
847824 844462 419
833536 670883 468
610488 428909 470
845002 441373 470
902784 231592 470
746234 853534 468
788754 429648 470
424453 3442 449
375226 357569 392
95060 422172 449
261126 804295 470
653287 656610 385
468593 831399 470
843610 129423 470
996320 867299 476
31367 551893 470
816797 78962 470
626390 232329 470
230052 337198 443
225297 344399 443
653782 749863 442
39652 827471 470
260770 461364 449
500757 96097 449
127432 33562 354
564337 18456 470
455002 310019 449
195783 574701 470
551931 542093 452
874099 578727 468
936610 885707 476
568008 105671 470
110380 44847 354
57421 125097 354
612072 375390 470
11 310768 443
29705 483342 449
194189 652336 470
490177 7451 449
541037 557899 452
462489 117015 449
554697 549555 421
434810 657573 470
304071 473906 449
321878 769270 470
974220 845540 476
931437 67113 476
490484 228113 449
906128 697881 468
843464 126103 470
200220 73045 383
619329 255000 470
151682 483234 449
860939 550773 468
501936 387488 449
774717 565096 468
642712 155020 470
634577 519936 452
105378 649400 470
745535 160755 470
916023 389294 476
633460 533148 452
273865 798729 470
894393 734548 468
293959 513265 470
796248 192509 470
552273 117222 470
407936 155631 443
183466 720695 470
723191 462794 470
574867 288522 470
330741 286014 389
950594 150232 476
938126 12746 476
542074 347973 470
156848 226622 386
843720 164281 470
249784 977580 476
512477 960186 476
548198 926185 476
206619 375381 443
277745 437214 449
753126 152938 470
335922 684101 470
290526 988561 476
160295 703699 470
414140 645009 470
761487 898936 468
775296 470455 470
444502 239116 449
136785 17838 354
455888 191422 449
404221 26231 443
261013 448811 449
973338 24492 476
310841 115093 443
961159 749725 476
142724 993050 476
756300 840753 468
145784 459840 449
555037 148987 470
65301 185349 383
189540 150902 383
666225 497161 470
576545 42251 470
499300 495445 351
558822 324731 470
393080 368063 436
681794 488347 470
853585 752354 468
880074 301797 470
801458 454968 470
850274 485235 470
684791 429962 470
507983 846278 470
764904 908527 468
502878 853208 470
982792 76521 476
953251 195442 476
113532 347390 443
622265 583348 447
232306 203986 443
927752 433582 476
894281 79083 470
5241 76389 340
904267 83636 470
695081 342468 470
576652 344376 470
141586 28209 354
833667 439927 470
28494 861767 470
41273 581811 470
820742 846464 419
405240 390628 405
34964 580237 470
154051 989519 476
960091 448606 476
966154 321247 476
753395 240269 470
75508 944747 476
106786 396394 443
116949 656206 470
857874 974077 476
411605 608684 470
401628 203910 443
62116 670761 470
963831 929093 445
394497 219139 443
735144 157130 470
721031 119475 470
939780 554768 476
520526 831699 468
602488 298590 470
66209 159505 383
821495 337785 470
603124 965767 476
956714 149999 476
885958 953428 476
729981 297145 470
103569 3838 351
506473 524871 470
426444 969444 476
2264 612678 470
816855 874063 450
487919 43744 449
103877 8187 351
196834 786399 470
173092 250780 443
374646 553428 470
857358 970742 476
215351 969841 476
850890 373018 470
824126 65345 470
897202 363109 470
987048 28161 476
47039 948026 476
341965 965307 476
723028 524539 452
479202 304884 449
841151 83715 470
639399 810011 468
622000 757006 442
970347 354194 476
481264 866173 470
320875 331778 384
953192 4642 476
835913 548964 468
386412 629292 470
449909 891289 470
947819 997241 458
746848 635116 442
871212 42074 470
613894 597751 403
281509 572364 470
58093 212908 383
822164 543739 468
481191 520364 470
998864 601619 476
55867 313041 443
138954 16465 354
709910 177269 470
949745 398424 476
751259 981249 476
400648 216226 443
567047 853316 468
124977 528668 470
493665 834255 470
228703 431957 449
380824 683830 470
775202 458364 470
382954 198913 443
307261 881380 470
76236 758660 470
288839 188991 443
395597 524674 470
566508 252832 470
716364 493835 470
929540 554767 476
154384 574799 470
657786 73863 470
371640 566507 470
298578 92836 443
675876 915210 476
549987 437062 470
983186 84344 476
953986 938001 445
136493 927468 476
996831 736688 476
834223 770999 468
908683 417959 470
910500 757359 476
771161 245266 470
817796 902895 450
945972 523228 476
197768 436443 449
94849 258018 443
794389 827751 468
190307 348872 443
513074 939713 476
404629 883293 470
590633 499670 470
200712 541445 470
730960 295559 470
327408 674005 470
347665 827151 470
341188 964907 476
567067 268740 470
396124 536221 470
910469 570838 476
996680 240838 476
436819 355309 449
605833 401636 470
2661 798855 470
129141 57848 354
391348 390653 361
843600 210751 470
330461 374852 441
453243 216732 449
593673 369698 470
899152 924356 476
833977 659684 468
240944 850963 470
478819 922813 476
684353 788658 468
154330 395829 443
595977 197438 470
11912 691588 470
193347 496758 449
658188 65491 470
227410 640152 470
778442 172099 470
818430 841176 450
204805 323844 443
260998 798976 470
625323 753729 442
669052 31458 470
278997 889924 470
690442 851023 468
397164 248268 441
962714 683936 476
92756 956885 476
890711 287764 470
109057 309343 443
451571 865758 470
914999 24885 476
191646 37212 383
593510 494455 470
490820 511229 426
502342 857196 470
860495 26858 470
374059 156653 443
460054 454419 356
298840 891688 470
430195 235755 449
496597 959692 476
871243 567215 468
433664 891095 470
518950 392890 470
117622 830044 470
241038 396011 441
99931 105753 341
277810 921048 476
583911 565663 434
201907 883456 470
5978 605954 470
795168 865521 468
23117 956706 476
992047 753598 476
455808 43467 449
764749 764968 300
300085 879609 470
907691 365582 470
768161 941399 476
172728 992419 476
576445 168531 470
760742 399886 470
318576 846684 470
632699 373740 470
568406 905961 468
47231 764782 470
486888 60022 449
639601 509780 470
978769 381944 476
979763 386646 476
201758 483647 449
587660 333630 470
246814 95913 443
533225 794974 468
531592 99499 470
668146 299150 470
225847 265184 443
697427 295316 470
775140 312036 470
724059 113055 470
48337 514386 470
820380 647353 468
852418 862936 388
177780 466347 449
774192 561973 468
539172 675141 452
250267 410698 449
793255 502035 470
884498 625565 468
658295 56869 470
211858 331298 443
220383 23942 386
744600 641060 442
104847 154449 375
375634 600846 470
210473 918819 476
564452 113682 470
458857 102977 449
755557 200409 470
823835 425470 470
416673 503234 444
184680 815195 470
259166 667538 470
869831 72080 470
113449 773329 470
671225 366963 470
698783 520674 452
783686 837256 468
484001 405715 449
492223 103426 449
576964 42712 470
782469 986253 476
27350 96160 351
799816 771817 468
135676 59511 354
132806 929667 476
694720 12992 470
791111 499378 470
226297 749937 470
912333 756781 476
324301 620583 470
419412 516984 470
412520 39456 449
45041 431361 449
506582 24135 449
162395 139077 383
318730 935247 476
972029 946678 458
933943 704198 476
474188 2648 449
266179 548577 470
897740 651911 468
608818 204127 470
760789 361228 470
111643 54163 354
283041 409258 441
253797 848261 470
92469 398500 443
328939 146683 443
131314 868702 470
193284 29491 383
251518 846156 470
284585 203570 443
321733 731006 470
111072 295847 443
14478 513269 470
524351 429133 470
263734 658970 470
142994 54280 375
432545 364115 449
513424 949964 476
555467 325858 470
597727 639526 447
692750 708482 411
344402 113015 443
211915 710436 470
810048 816757 406
942964 449918 476
841684 228518 470
617322 363046 470
845685 3891 470
869021 725287 468
18000 277490 443
816968 922907 476
807336 713241 468
465959 942611 476
225316 202345 386
769726 871110 468
594847 399195 470
803156 940844 476
423686 238326 449
27213 220166 386
619509 971589 476
339079 720044 470
907489 248963 470
713819 612323 447
252652 128642 443
474537 781576 470
667248 132280 470
665428 282738 470
986971 547816 476
368517 745277 470
545457 637648 452
653253 66338 470
281708 862016 470
708609 597514 447
280256 832153 470
911884 892551 476
529183 272381 470
864855 297018 470
333133 186729 443
510029 590372 470
874290 436687 470
403784 171400 443
167695 217899 386
533229 689614 452
226617 326759 443
975236 789497 476
971687 166053 476
676939 789382 468
536219 514955 439
877415 109558 470
439526 35182 449
881554 246020 470
391030 243806 441
634232 363554 470
554028 852805 468
828636 199329 470
456113 569362 470
331273 240396 407
300725 504799 449
71653 679558 470
118325 181893 383
262199 626363 470
858923 26839 470
643682 931679 476
495661 832240 470
373730 270398 441
854142 270694 470
874761 80376 470
671824 498229 470
857074 792137 468
272032 22551 443
800157 922935 476
983706 182330 476
996977 138025 476
642973 239254 470
53102 356583 443
281646 575398 470
541919 230695 470
324962 9812 443
959052 473651 476
458438 396411 449
15363 145142 375
679592 455395 470
874663 940255 476
708106 384649 470
282163 231535 407
473683 560416 470
370764 236248 441
365301 298235 441
300261 957130 476
420983 23879 449
230348 154626 386
968107 256678 476
953717 370603 476
825699 476243 470
526545 167548 470
273584 312114 389
484210 147789 449
515312 396660 470
491276 688782 470
691781 309067 470
104469 426552 449
743699 167214 470
993466 406197 476
706980 519278 452
166946 182522 365
914911 566475 476
225571 904856 470
470116 398523 449
269936 942777 476
843941 72861 470
56464 432409 449
449357 524505 470
833603 321706 470
961213 95219 476
200651 120437 383
728610 814046 468
663571 588633 447
157772 15946 383
147122 289254 443
939626 173032 476
465413 892677 470
7399 851741 470
416734 436116 418
814309 989815 476
431159 93114 449
720983 193929 470
347549 832927 470
798722 759216 468
282381 887571 470
729537 654055 442
242604 413373 449
486571 215492 449
918575 76967 476
322180 193407 443
254476 169778 443
492137 395294 449
362179 118843 443
199393 810466 470
467355 847511 470
339924 461263 449
455097 714264 470
187281 162132 365
129153 977125 476
297765 566861 470
366619 163517 443
972551 7778 476
122835 808499 470
196578 659607 470
653134 437848 470
281282 248971 407
261855 828269 470
734395 55515 470
484603 871691 470
91910 163446 383
881769 771016 468
926482 692942 476
766887 437687 470
961859 30185 476
1529 934467 476
323401 768385 470
404735 240489 441
416830 111464 449
303223 953234 476
145722 24113 375
624703 576441 447
792226 47097 470
925088 806239 476
891567 244369 470
596284 603491 403
729783 766468 424
185257 927687 476
372201 944451 476
587852 575390 434
758821 281389 470
334256 95439 443
284818 638069 470
265423 838195 470
102965 782605 470
942630 224786 476
671636 445264 470
509914 463947 426
861410 307690 470
654112 211372 470
802223 407426 470
258206 937787 476
896283 416017 470
671484 943410 476
594834 242862 470
677851 876965 468
303148 829304 470
56065 185756 383
837036 149897 470
839081 345152 470
195451 472446 449
9219 727664 470
826264 40334 470
916711 444137 476
811965 319339 470
693878 30411 470
317726 661250 470
515344 899327 468
664617 49377 470
565397 590736 434
454955 672712 470
223588 513548 470
134872 39375 354
555404 84761 470
857034 261322 470
952780 384696 476
422478 78495 449
3920 904074 470
56446 451106 449
539102 878505 468
781809 79790 470
195757 890994 470
487042 496749 426
362582 658173 470
203631 457997 449
985 624666 470
353937 406995 436
917315 76011 476
675376 138398 470
694379 315183 470
360138 68244 443
72806 389531 443
362773 737556 470
229187 675935 470
466766 929509 476
990514 464320 476
624512 367236 470
131343 778666 470
144854 683550 470
699296 947393 476
953640 475864 476
692354 735789 424
496702 324539 449
786323 478642 470
787965 457253 470
461755 808889 470
338385 45642 443
111494 465790 449
250266 815828 470
558155 621138 447
319125 562096 470
912425 526037 476
218442 36985 386
360730 724223 470
955222 483240 476
716995 422784 470
51749 776316 470
70159 908185 470
759728 968162 476
882048 612766 468
610812 641422 447
406586 895270 470
544661 350854 470
274804 296088 389
92252 416540 449
929667 204671 476
558138 53951 470
459598 330871 449
531293 255586 470
578291 53075 470
390698 83114 443
196705 751597 470
110542 966372 476
574583 81820 470
571769 361372 470
752437 411230 470
621143 323222 470
918760 602701 476
228221 403172 443
938341 104890 476
795890 855707 468
938842 285282 476
187741 127876 383
561501 320155 470
591938 134598 470
177341 120186 383
452053 87214 449
77489 364 351
615119 250715 470
151389 463464 449
538391 564276 452
142773 870648 470
372354 468685 449
765613 217095 470
565806 4944 470
146185 926191 476
520914 707326 452
265236 401513 441
616900 828336 468
618300 844769 468
418525 550345 470
263127 585108 470
897221 181532 470
565787 570459 377
250076 185725 443
593191 339721 470
513369 561841 452
191735 518578 470
164719 491871 449
951208 182354 476
379127 172126 443
311451 755987 470
9500 363813 443
50154 499204 449
916395 352847 476
210225 645084 470
757522 533771 452
688566 603985 447
976378 683468 476
754111 501479 470
101376 445726 449
110552 869918 470
874528 100295 470
255248 176622 443
352645 308354 441
4412 700328 470
832239 505517 470
916531 573130 476
642921 883926 468
951275 806459 476
972391 892087 476
765179 991725 476
229948 780306 470
472040 799978 470
110416 512814 470
175423 554171 470
647797 182982 470
842919 7427 470
270296 723395 470
218872 403079 443
445005 558538 470
4173 207810 383
922592 585770 476
916134 824641 476
582864 157 470
975894 683671 476
413758 212798 449
806969 292165 470
409420 824104 470
748970 855953 468
605512 198866 470
124226 489042 449
702047 277912 470
424843 406310 449
545370 509235 470
267742 230418 443
608121 546781 434
103626 610920 470
758393 954812 476
108224 384819 443
10396 834179 470
887456 294400 470
340455 712647 470
772845 3343 470
597037 414004 470
559731 307784 470
419297 346016 449
2039 980380 476
156561 994476 476
406546 433222 449
154762 504012 449
154498 184213 383
544277 438968 470
294689 446069 449
275999 503622 449
150834 367022 443
390312 784494 470
193627 530167 470
443629 233078 449
378539 407692 436
772211 127270 470
927531 52368 476
273241 916352 476
369488 610430 470
577122 945793 476
238147 207389 443
134433 471190 449
906749 106278 470
794466 596774 468
688070 663373 398
214049 748873 470
799022 280724 470
906741 271428 470
837942 263511 470
336668 152479 443
384318 289674 441
750096 897649 468
105223 183244 383
944008 940699 352
850241 125715 470
48938 703789 470
710506 793049 468
935863 696843 476
377367 289107 441
340348 179470 443
611675 493790 470
460063 523619 470
904200 192807 470
660011 773998 468
674441 479144 470
917714 470250 476
318653 465762 449
999557 991385 396
859253 553630 468
70096 108758 354
443030 436552 400
884323 253651 470
877047 694619 468
801566 310350 470
836660 763015 468
790078 137091 470
724763 966650 476
344875 518098 470
499946 461292 426
242295 338143 407
907669 464994 470
466566 494059 426
745933 905873 468
284165 371057 441
973273 391801 476
268814 525908 470
501253 306811 449
435682 820571 470
442469 200758 449
948266 256594 476
652513 375155 470
110792 250 354
333983 652307 470
616505 643785 416
756674 113618 470
227678 980241 476
92597 552024 470
756414 766783 380
437719 472501 444
116870 345710 443
311757 945039 476
803155 653625 468
147167 896880 470
463442 671840 470
345521 6747 443
546498 264346 470
823860 912295 476
701821 518464 452
538445 612709 452
450100 646100 470
640170 974385 476
633143 175072 470
319130 899414 470
351508 897168 470
232244 189637 443
774858 862010 468
384600 563345 470
136105 579498 470
402536 812714 470
683709 873296 468
450487 528843 470
766602 214860 470
208397 174034 373
467903 601776 470
892605 491367 470
436971 962600 476
604714 371878 470
319464 397665 441
344732 735493 470
900710 296606 470
196215 948430 476
585903 480664 470
219660 789907 470
987226 424233 476
406782 168551 443
671828 694318 442
528353 798529 468
895019 6635 470
146822 828877 470
506959 714649 470
569869 236447 470
366752 585493 470
98907 948419 476
12204 206205 383
98406 120799 354
736237 476539 470
108534 515092 470
266131 498696 449
618727 819312 468
964018 431309 476
786015 74531 470
657576 766439 442
510729 880422 470
475784 726449 470
931433 774370 476
541960 276269 470
979959 794456 476
954867 760608 476
792738 849516 468
285082 58885 443
126420 89513 354
408225 193205 443
176950 347862 443
405079 832917 470
656241 295556 470
98559 259864 443
908198 492742 470
135617 952057 476
770992 933954 476
528261 990974 476
380370 424837 449
73359 241953 443
803478 206653 470
749423 295902 470
518706 178958 470
24 178070 383
972493 855240 476
844161 216277 470
298653 29460 443
447988 86769 449
516301 945295 476
556260 179352 470
239225 376624 441
224637 368846 443
588632 216053 470
281550 386035 441
404095 839073 470
822917 824443 375
267541 283355 389
691055 995469 476
791117 9442 470
216972 479397 449
463736 240307 449
41135 252642 443
306023 286001 389
250385 585380 470
780675 691148 468
358175 639782 470
889680 419709 470
123341 981057 476
797496 807138 406
692635 118303 470
777088 972444 476
380610 145593 443
993326 989110 352
604357 546723 434
139954 171607 383
991601 752923 476
481303 164734 449
102911 403000 443
925840 613823 476
671411 768886 468
334047 383143 441
549452 599732 434
55880 877416 470
293433 914676 476
411559 928619 476
502997 458135 444
772160 91900 470
966683 605945 476
454247 221075 449
356254 634936 470
563917 362044 470
47509 16110 324
60800 31445 340
657390 257316 470
795074 214220 470
407098 466697 449
942311 472344 476
162402 580041 470
426089 510328 444
452957 235330 449
469726 107395 449
862659 578731 468
675884 710904 442
661714 863427 468
719718 253720 470
122028 525138 470
121094 90932 354
696583 436210 470
899921 932724 476
960069 126242 476
881737 779731 468
149642 465265 449
651770 751468 442
958086 354119 476
686301 631872 429
698825 538118 452
152048 400665 443
490920 645359 470
932746 27567 476
461076 403279 449
994708 148308 476
970600 91714 476
412811 426410 418
721736 57873 470
329486 829906 470
577194 540227 452
294801 842893 470
352194 501622 449
898428 830524 432
362116 140427 443
752991 61559 470
23166 470471 449
334556 672944 470
479402 966076 476
812122 605178 468
23175 460491 449
667062 699415 442
361591 417814 449
898848 746718 468
42210 416207 449
672809 338002 470
164478 84047 383
228933 14942 386
397369 833237 470
630533 890001 468
815947 679523 468
751026 339499 470
635014 552477 447
706997 213507 470
10016 492717 449
693635 998542 476
466159 835272 470
714137 239105 470
504276 946933 476
266627 929472 476
752288 167042 470
556600 448565 470
86492 124589 354
434467 259081 449
936218 85491 476
477166 562146 470
264680 826427 470
614321 835043 468
774249 993973 476
971095 639431 476
624303 779669 468
34069 840511 470
681103 659448 398
482466 482569 245
764613 941677 476
854443 724973 468
629318 716455 442
429598 834340 470
609307 846593 468
100561 540945 470
465928 498134 426
655377 421221 470
13179 993731 476
327880 242422 407
483313 199994 449
38954 77006 340
350074 832812 470
159466 172513 370
480857 34056 449
859753 243285 470
137706 262332 443
905220 359160 470
114410 915763 476
512051 533047 439
713157 163470 470
725077 683914 442
515733 537831 439
222171 906300 470
276317 801181 470
396543 220023 443
761747 958551 476
299513 999583 476
708329 935610 476
958467 497129 476
967755 415381 476
354918 919316 476
677081 104450 470
129193 802967 470
16452 15417 253
598869 584379 403
872442 305750 470
438234 994571 476
441399 887465 470
353276 426335 449
992846 308044 476
887320 871684 432
494010 539897 470
444577 89618 449
995003 304786 476
773106 39539 470
893458 82708 470
130086 940728 476
706797 998324 476
363445 314658 441
791504 192177 470
487557 280735 449
872857 728595 468
580750 225147 470
663584 160192 470
543915 535995 377
252287 735083 470
398874 595873 470
196198 423191 449
570601 958303 476
944175 146330 476
583447 411530 470
801848 879210 450
255906 917269 476
829982 194751 470
467878 396850 449
565648 721657 447
428044 409237 449
447936 483081 444
525390 770486 468
762457 620867 442
10908 18436 279
813312 420731 470
71215 222902 386
884658 247773 470
335506 191420 443
921167 161298 476
122924 360600 443
710385 481127 470
645837 912059 476
918328 848978 476
40018 43793 288
168835 928390 476
607575 349490 470
818108 643967 468
63508 372417 443
208845 196003 373
57612 650063 470
56370 529270 470
106776 934693 476
726798 540661 452
271085 335834 389
152987 533680 470
831351 1810 470
162405 368815 443
817559 293022 470
268989 193177 443
259572 222397 443
644012 661940 429
586064 331074 470
243236 15559 443
447330 294686 449
482900 60349 449
641977 357572 470
980952 394744 476
690694 848289 468
558501 848347 468
530083 645567 452
415658 993800 476
641833 790465 468
105553 989860 476
224487 471921 449
484640 191377 449
740153 310365 470
580587 642442 447
124594 189250 383
354473 758575 470
230979 739383 470
710233 209174 470
811788 413613 470
137985 693881 470
599731 657221 447
780040 977 470
290882 586978 470
391450 820884 470
649196 164791 470
605664 537971 452
360911 217513 443
117197 82359 354
202682 716661 470
552932 789424 468
305556 353269 441
346411 785509 470
879448 583982 468
312135 6019 443
737408 813894 468
495469 125794 449
988413 557928 476
842237 2903 470
338620 25099 443
239133 802537 470
200883 429133 449
79073 173909 383
96194 978900 476
411115 267008 449
833440 937448 476
633237 23688 470
683558 472200 470
734784 401759 470
92767 398160 443
772911 999146 476
13603 610998 470
382380 475599 449
652757 342138 470
488220 870639 470
756509 421730 470
462630 501247 426
61377 277170 443
928874 283409 476
653529 426472 470
447348 458955 387
446008 926755 476
912828 481476 476
713063 409488 470
895796 977729 476
44050 365341 443
175333 228394 386
372264 903775 470
950808 531416 476
828721 6419 470
995635 375362 476
773950 339250 470
470714 763284 470
22779 594780 470
306109 128176 443
609065 14173 470
243842 151370 443
867411 944565 476
83601 7013 351
991233 702696 476
854241 472903 470
150151 103906 375
984972 631021 476
743601 64537 470
687363 286767 470
642460 751812 442
256772 759688 470
840752 54228 470
227483 137488 386
3623 893059 470
464274 582823 470
713460 381427 470
331177 71866 443
809902 265678 470
134808 567155 470
180719 441586 449
553152 26252 470
410458 662000 470
239343 239625 306
492352 339728 449
275168 584932 470
328862 544480 470
948912 801391 476
647617 263180 470
873182 403390 470
980152 384969 476
904280 928041 476
121538 348338 443
647040 311634 470
652295 87996 470
295938 887326 470
411476 2755 449
138 360053 443
480025 908131 470
1448 840721 470
228788 49996 386
640754 472197 470
412440 731900 470
549291 264112 470
337568 386050 441
849451 738134 468
956378 953805 383
401100 495045 449
241207 154151 443
356048 412727 449
531268 726103 452
131471 98784 354
524592 553644 452
557413 957211 476
863873 644177 468
940795 293 476
949994 324715 476
979974 212539 476
348922 219549 443
217431 878852 470
811847 320958 470
846784 165816 470
7523 541432 470
471692 313945 449
662482 37474 470
952187 670522 476
219851 888300 470
237231 962407 476
568253 633669 447
395738 315282 441
963302 511149 476
451971 133686 449
875133 403611 470
821229 441883 470
641394 714043 442
323417 878557 470
65990 59183 335
691305 149200 470
361012 153222 443
568553 279656 470
661902 627896 429
849234 369042 470
206763 682287 470
780697 196796 470
17016 49742 324
322687 32391 443
278373 240 443
82746 718517 470
504965 991711 476
636171 345732 470
293097 892520 470
159149 601733 470
215020 630471 470
33123 11791 308
341665 985026 476
512420 474793 470
721613 200578 470
222194 824798 470
34102 494616 449
566014 238852 470
76726 50815 340
408817 622769 470
967489 30860 476
51131 156480 383
994888 807852 476
150190 509237 449
834320 882463 432
137229 420901 449
955977 753650 476
164682 972482 476
528744 92700 470
739846 434468 470
633115 249992 470
169157 719162 470
705260 229323 470
145219 517409 470
449510 148174 449
981392 197973 476
637567 288786 470
954692 478412 476
204553 211316 373
341789 759736 470
169481 348746 443
726298 604209 447
27890 596126 470
383538 399728 436
362339 548226 470
230738 401646 441
588893 88240 470
353028 189506 443
232372 157913 443
736672 255632 470
383784 545048 470
637560 87647 470
934671 191717 476
636400 523400 452
444215 613167 470
82186 53248 351
670253 216586 470
663170 553202 447
150648 470840 449
509508 762630 470
235692 288021 407
979797 434412 476
437618 422640 418
222985 258259 443
967897 607446 476
536724 199051 470
974285 659558 476
145383 183519 383
927539 248580 476
868171 749117 468
834414 326186 470
473628 408333 449
753517 481960 470
978414 297414 476
208342 400264 443
433310 227547 449
932957 663889 476
475113 591631 470
256509 302495 407
198851 755442 470
295877 731897 470
200506 271002 443
715306 119058 470
708707 938098 476
613804 81715 470
689313 981107 476
517006 224785 470
323534 465870 449
590640 639216 447
872951 276746 470
99315 112757 354
394819 840113 470
304928 203656 443
785725 115141 470
550481 576686 421
296453 970682 476
396967 536900 470
895599 203516 470
883470 728730 468
203416 678852 470
636440 15525 470
975853 317912 476
890598 280224 470
283607 515660 470
12948 733544 470
864140 165537 470
363892 741698 470
79335 59094 351
838729 692412 468
33042 143873 375
603280 989118 476
702094 722185 411
327206 366287 441
981716 852749 476
623107 228050 470
634893 50675 470
116117 505069 449
167170 234017 443
499546 38293 449
469937 694912 470
912948 284984 476
438695 229297 449
337782 252370 407
338843 289716 384
13472 551874 470
377191 133393 443
658393 692040 442
531166 116064 470
197010 835531 470
21196 233247 443
468119 37585 449
54552 625346 470
479583 759849 470
216648 620159 470
491393 420175 444
912449 880446 476
840147 318477 470
320731 763355 470
781181 816381 468
562848 663341 447
93137 625433 470
291839 945330 476
581256 405986 470
417519 923734 476
806619 204099 470
659969 559911 447
192561 350343 443
163806 712587 470
574459 714493 447
76871 942762 476
48896 720583 470
475470 780738 470
152899 154083 352
433919 263782 449
354970 636605 470
934079 996457 458
874943 640485 468
631963 175667 470
279599 186593 443
280516 130581 443
503734 360779 449
443315 829758 470
161839 26598 383
230675 667272 470
663607 813517 468
954986 138145 476
333091 315311 384
360162 864375 470
170294 934588 476
241274 369837 441
633988 448795 470
281777 118523 443
625841 386297 470
480955 870560 470
892979 119193 470
110356 533786 470
602084 628031 447
684497 605817 447
31437 745205 470
435942 944931 476
352041 719951 470
237520 450197 449
424239 273052 449
351385 829275 470
363699 658050 470
437726 761460 470
113846 763895 470
242220 960982 476
855373 800832 450
88787 177081 383
96114 888397 470
765371 782104 468
518094 280838 470
294747 563482 470
956307 617094 476
240857 646744 470
95496 24697 351
882098 165130 470
888743 854569 432
253804 868078 470
631761 931972 476
568494 371380 470
133983 964425 476
654507 944419 476
159977 430251 449
610280 914634 476
588174 810720 468
155532 658879 470
812009 520280 468
365342 516774 470
304228 192960 443
464047 124775 449
252512 972441 476
879037 251760 470
308037 231712 407
286133 41758 443
224699 578643 470
615745 520662 452
313574 495563 449
977300 416146 476
147838 998843 476
935313 428712 476
666459 614806 447
737415 913993 476
443819 207179 449
640951 77030 470
586333 743734 447
360768 463875 449
27147 289965 443
477696 260746 449
746596 661370 442
473956 910231 476
669075 397335 470
363567 199406 443
20520 25731 282
815750 428495 470
440972 307361 449
184985 563454 470
448439 868899 470
909465 821430 432
41441 147539 375
583939 355777 470
190436 128331 383
922950 679097 476
472664 41425 449
319628 252536 407
52650 512012 470
433723 99923 449
816424 977152 476
864879 636207 468
202983 89726 383
587884 33954 470
661576 199813 470
55782 70653 335
267719 627691 470
132505 707915 470
553719 331797 470
907794 173637 470
407260 69637 443
246452 459505 449
147242 913665 476
405626 774281 470
891150 963249 476
471797 561974 470
103491 123323 354
676468 989390 476
439021 554363 470
821467 52488 470
101261 838313 470
834761 217700 470
696124 30721 470
297235 380122 441
535885 374411 470
136980 811749 470
719373 75511 470
796424 352444 470
313427 62712 443
99436 69205 351
277056 291339 389
807797 856551 450
109161 347982 443
390736 883308 470
49075 226611 386
665894 617968 429
842203 282697 470
948483 27885 476
747677 457451 470
661741 353036 470
630074 741057 442
538888 179122 470
174075 328054 443
830060 104997 470
770422 518940 468
619421 509069 470
280200 850209 470
182080 964810 476
71499 12500 340
58226 208602 383
534761 511986 439
14937 901765 470
587858 25818 470
554453 552947 421
114609 32981 354
3142 967337 476
919793 556570 476
562074 209975 470
78519 453574 449
300468 778752 470
646306 23615 470
231143 738123 470
152984 60620 375
145311 883477 470
296525 954828 476
274460 806013 470
418309 312422 449
63278 715777 470
313664 677039 470
288609 632349 470
530174 906898 468
546327 444012 470
320129 871025 470
669949 819079 468
78405 935685 476
838295 813507 450
451941 368941 449
458675 12293 449
493619 431766 444
861940 983332 476
637125 157019 470
888269 646634 468
351353 789906 470
425919 198534 449
185440 779243 470
107160 260234 443
209599 835807 470
102752 133363 354
991402 623655 476
390494 545865 470
541666 882072 468
309194 746862 470
959338 634369 476
766421 569509 447
594386 463576 470
641536 85416 470
637577 411239 470
175915 913815 476
891859 11481 470
994950 926663 458
532570 833380 468
108534 241714 443
200776 375422 443
806301 401376 470
831253 96593 470
712673 555176 447
731962 746867 424
72365 919207 476
494365 788994 470
951800 634712 476
597362 415623 470
190194 773865 470
726856 872058 468
628072 595962 447
61367 14213 340
998644 790095 476
207788 827465 470
502267 27848 449
313467 49457 443
422397 87907 449
873574 443608 470
705719 744818 424
381332 652777 470
665573 637445 429
444671 555037 470
954914 144345 476
484995 286169 449
705071 260978 470
91062 327362 443
492314 256676 449
996672 197485 476
630104 542707 452
775929 63564 470
794531 948497 476
585389 87332 470
411601 245266 449
584822 122769 470
627449 95237 470
616676 117241 470
526521 267816 470
619512 860734 468
86929 112884 354
612701 461527 470
712200 676608 442
155144 886076 470
623530 568921 447
778714 991595 476
462432 860866 470
515278 92716 470
295101 883503 470
124601 190768 383
575302 69804 470
947825 264162 476
284770 901710 470
610042 22169 470
968314 439191 476
482621 344177 449
805505 265015 470
681805 734204 442
549675 288981 470
967634 828545 476
899746 572354 468
955178 483107 476
193515 670433 470
89793 462042 449
571512 814891 468
704843 221173 470
342011 270926 389
734808 269631 470
671967 593862 447
226467 415191 449
57951 368003 443
774270 746866 468
601684 429659 470
490744 84660 449
739039 170280 470
982774 268945 476
906271 295196 470
668381 625225 429
681856 887836 468
353858 792048 470
823103 398139 470
733134 650082 442
611464 489506 470
434686 422844 418
77671 563134 470
941231 798812 476
102904 25245 351
71314 86085 351
432965 124986 449
832364 153026 470
358995 542137 470
884063 273658 470
799253 946965 476
30791 219676 386
974708 65579 476
37024 197893 383
74722 504845 449
39479 322786 443
87509 129804 354
511956 416708 470
119466 102029 354
443888 192989 449
397080 958324 476
147097 434633 449
479326 178598 449
352132 677457 470
994384 823193 476
442955 410216 418
329150 784328 470
592606 386423 470
546273 211526 470
518563 491099 470
204479 244770 443
168976 175283 347
565994 560711 421
105099 115497 354
789516 610099 468
321419 658905 470
908782 639916 468
857601 605609 468
802076 191584 470
428062 860605 470
459672 422478 418
118507 671500 470
360161 466002 449
330063 798888 470
935046 366463 476
413710 464321 444
554207 990715 476
118037 88167 354
334353 428857 449
378538 737917 470
542479 127676 470
88492 134349 354
397603 185788 443
536416 736065 452
519485 428419 470
788490 664689 468
611300 63422 470
27067 343771 443
940581 713293 476
260917 965841 476
766818 127673 470
511974 485471 470
198781 578154 470
367432 971524 476
376728 250564 441
534891 482700 470
311563 855759 470
492105 865940 470
171124 862925 470
440873 698636 470
664918 377279 470
51231 457633 449
