100
6905 10
22759 15
4194304 13
60763 12
20432 7
1048576 13
29874 18
18614 10
262144 10
1048576 6
16777216 10
262144 10
16777216 10
27706 10
4194304 18
1048576 2
1048576 10
63738 2
1048576 10
1048576 10
1048576 16
603 10
21545 19
1048576 10
1048576 10
262144 7
1048576 10
17880 10
6686 10
1048576 10
1048576 8
262144 10
1024 10
512 2
1048576 16
24913 3
1024 5
1048576 13
4194304 10
262144 10
12010 8
65536 9
4194304 14
14812 18
16777216 2
63877 14
10796 14
19060 30
17432 7
512 10
19185 8
18318 6
1048576 10
262144 10
17396 512 2
16893 11
262144 10
24863 10
4194304 4
419430429
62881 11
4194304 15
4194304 19
1048576 10
22245 2
4194304 10
1048576 10
4194304 4
1024 10
62143 3
1048576 11
64674 1
9164 7
60867 9
21180 10
512 15
9550 30
262144 10
60259 10
28361 14
6367 5
262144 10
1024 12
1048576 11
16777216 10
28936 1
1048576 5
262144 30
1024 2
60718 12
1024 1
4194304 1
13623 10
27730 15
262144 10
6221 10
1048576 15
2048 1
512 1
16165 14
