100
111 3
123 4
119 5
121 4
108 4
118 4
103 2
128 4
120 5
127 5
116 4
122 3
121 3
106 4
103 5
104 5
110 2
121 2
105 2
107 3
128 4
127 4
114 5
127 3
121 5
104 3
119 4
127 4
121 2
128 2
116 2
104 5
119 4
112 3
107 3
106 2
106 2
125 4
127 2
112 3
102 2
125 3
105 3
123 5
127 4
105 2
119 4
106 5
125 5
114 3
105 5
105 3
120 2
112 4
104 4
128 4
121 5
119 2
108 3
120 3
128 4
123 5
109 5
124 2
113 5
128 5
121 4
104 5
116 2
108 5
121 3
111 3
116 4
125 2
128 2
105 3
127 2
111 2
113 4
106 5
121 3
124 2
114 4
111 4
115 2
123 2
107 5
116 3
121 4
104 5
117 4
118 2
105 2
105 3
102 5
101 4
119 2
104 4
122 2
125 3