100
250 6
226 3
253 5
204 6
200 5
244 7
246 5
249 4
221 5
200 1
202 5
251 1
256 1
206 2
256 7
237 7
256 5
201 5
233 7
256 4
256 5
226 5
246 6
225 4
242 4
229 7
241 4
237 6
200 7
239 5
245 4
243 1
242 7
229 3
256 4
247 5
225 7
229 1
220 7
231 7
232 5
256 7
250 4
256 4
208 2
254 5
251 4
241 7
201 5
204 6
255 2
227 4
242 7
256 5
251 2
236 7
248 6
249 7
224 4
237 5
252 2
238 3
220 6
254 7
204 5
249 7
231 4
256 7
256 5
244 7
240 1
247 1
235 1
225 6
225 6
256 2
228 1
208 1
256 1
202 1
255 1
240 1
235 4
203 2
256 3
234 6
243 7
236 6
205 7
224 5
240 7
243 7
253 2
251 4
245 3
242 5
235 2
247 5
203 1
239 6