100
504 3
506 2
512 6
502 8
500 7
511 10
505 4
505 8
502 6
506 10
510 9
511 2
501 2
508 1
501 9
500 6
504 10
502 9
510 2
500 9
509 2
504 1
502 6
508 2
501 5
511 4
504 5
504 3
510 10
502 9
509 9
502 10
501 8
506 2
502 4
512 5
512 6
504 3
502 3
510 10
507 7
502 5
507 3
503 3
508 5
512 9
510 5
510 3
507 4
511 5
506 6
502 2
505 6
505 9
502 3
504 1
505 10
504 3
501 4
509 5
503 8
500 2
503 2
500 7
502 1
503 6
502 8
507 8
510 4
502 6
501 5
506 4
509 7
507 4
512 9
502 10
502 10
505 6
509 7
511 8
503 5
512 1
509 10
500 9
510 3
503 2
505 5
505 2
507 8
506 6
509 5
501 2
501 8
509 4
503 9
502 7
510 8
501 4
504 6
511 5