100
593 5
774 9
536 4
649 3
540 7
622 8
1014 2
764 9
601 3
534 8
755 7
712 1
653 7
1024 9
734 10
1024 8
638 10
625 6
914 8
535 10
1024 7
1024 3
572 8
724 5
501 1
743 2
991 10
792 2
693 1
512 1
694 8
659 9
1024 6
575 6
791 8
534 3
1024 7
519 10
1017 9
722 6
1024 7
902 5
1024 6
1024 3
524 10
999 1
1024 9
783 4
558 3
1024 9
1024 3
553 5
576 8
1024 9
608 9
591 2
653 8
774 5
757 2
684 3
625 6
915 2
645 1
773 8
986 9
1018 8
783 2
677 8
738 4
738 8
691 10
785 9
523 6
1022 4
1024 7
754 7
918 8
1024 2
568 6
974 10
1024 3
1024 6
960 2
590 7
628 2
1024 7
633 10
745 4
983 10
973 8
595 4
765 2
935 2
571 7
643 10
680 2
976 7
796 10
606 2
987 6