100
991 4
1902 4
1958 9
498 7
294 1
1932 10
450 7
774 7
1544 6
194 6
1024 4
1025 3
256 6
1606 1
1114 1
1914 3
1024 5
1024 10
1469 4
1932 10
710 7
489 4
162 2
1183 8
624 1
736 10
1938 4
1212 3
1416 7
969 4
1876 5
1024 1
1024 6
1039 3
256 3
960 10
1560 8
1024 5
256 1
1989 2
256 4
1658 5
1024 2
1491 6
1988 4
466 4
746 7
1260 8
229 10
1945 8
1863 4
256 5
1088 1
389 5
129 6
1285 5
1502 6
659 10
1100 4
580 4
256 6
1950 10
1024 10
446 3
509 2
1790 2
679 8
1956 3
256 7
361 2
348 8
1140 8
1031 8
1410 6
163 9
905 6
763 8
293 5
256 1
1296 4
1880 2
386 7
999 3
1914 10
325 10
1296 3
606 7
735 2
275 8
394 9
361 6
1477 2
151 8
1024 1
1294 4
1846 8
982 6
1773 9
1895 6
238 1