100
5714 1
429 5
4380 8
132 10
1843 9
4634 10
2761 4
4214 6
3682 10
2058 10
4038 4
335 5
5212 5
1395 1
3846 5
2424 3
4553 7
16384 10
4565 8
4234 1
6611 2
1826 7
1467 3
2313 5
511 2
16384 10
6958 9
1867 2
5168 2
2444 2
16384 10
5542 3
16384 10
5669 9
2096 9
16384 10
16384 10
3066 3
4016 10
16384 10
6155 3
4997 8
3045 1
3610 8
8112 4
3234 7
5144 5
5157 9
16384 10
158 10
329 4
645 6
2346 7
6690 10
5606 10
3195 3
3837 4
5850 3
131 1
6276 3
5781 3
3940 7
1678 6
5952 1
2074 6
5986 8
5240 7
2941 6
1049 3
6441 3
5806 3
4911 1
865 5
16384 10
5853 3
6457 6
2096 6
5461 10
1907 4
16384 10
5059 10
16384 10
6511 7
6714 9
5097 5
2888 1
16384 10
16384 10
6814 8
2477 4
6620 10
6155 10
4390 6
5337 5
3326 10
2176 9
3776 10
8027 3
4238 2
3573 5
