100
11405 8
19407 5
8367 3
620 6
21157 6
9349 1
32267 7
2476 7
5540 5
7471 1
65536 10
30445 1
15438 9
2341 8
16734 8
262144 21
29575 7
13837 6
22986 5
3855 4
761 5
6218 6
12831 10
19311 10
3873 8
32380 7
17517 9
15750 3
23861 1
28577 4
5774 6
6808 4
23699 9
262144 21
14486 3
26205 1
65536 10
17666 10
44 9
22929 3
8509 3
14467 10
13228 2
16467 8
4866 7
266 9
30864 8
3684 5
17052 8
20462 4
12874 3
12639 6
10813 5
262144 21
17367 3
13626 1
3642 5
8346 2
11001 6
30620 6
20653 5
9925 3
14623 10
4877 5
21909 6
9476 3
18366 4
28388 3
65536 10
29362 6
4564 2
9137 2
29484 6
27363 4
22725 3
7654 6
12343 6
29168 10
237 2
7413 7
9411 1
15497 4
20363 3
8729 9
65536 10
3258 3
20916 9
17424 3
9920 4
15876 3
4461 4
11002 6
30677 6
9341 6
23691 5
21812 9
15932 7
22450 2
9491 1
7657 1
