100
19920 8
1048576 12
1254 23
192 8
13610 12
1048576 11
1048576 2
7947 8
15971 6
5943 5
1073741824 25
14506 25
30195 2
1048576 7
1254 5
1048576 3
748 22
5217 6
19198 8
14658 27
1048576 4
1048576 3
18215 17
1048576 19
6831 3
30161 27
1048576 6
5950 25
13263 1
5320 18
15280 13
10820 1
9620 12
17273 25
8485 2
12143 20
30071 19
15083 8
3855 23
1048576 28
1747 9
1048576 17
9653 13
4107 16
14791 12
1048576 8
15934 19
7126 6
18028 8
1048576 14
14630 9
15739 23
5224 5
1048576 9
11137 18
745 30
7127 26
1048576 30
10568 11
32091 20
13011 6
8793 8
19249 10
31590 6
9228 21
16392 2
12685 16
9840 5
1073741824 25
1048576 9
1048576 14
1073741824 25
16493 7
6334 28
10958 29
30916 3
16420 18
7726 24
12876 10
1073741824 25
1073741824 25
18407 13
822 12
7058 12
4061 23
1048576 9
1073741824 25
1178 18
1073741824 25
6872 14
5926 26
1048576 12
6774 20
31478 3
17836 13
10918 4
1073741824 25
13361 10
30064 11
1048576 6
